0 0.0308209 
1 0.0317673 
2 0.0317673 
3 0.0317673 
4 0.0317673 
5 0.0317673 
6 0.0317673 
7 0.0317673 
8 0.0317673 
9 0.0317673 
10 0.0317673 
11 0.0317673 
12 0.0317673 
13 0.0317673 
14 0.0863525 
15 0.0317673 
16 0.0317673 
17 0.0317673 
18 0.0317673 
19 0.0317673 
20 0.0317673 
21 0.0317673 
22 0.0317673 
23 0.0317673 
24 0.0317673 
25 0.0317673 
26 0.0317673 
27 0.0317673 
28 0.0317673 
29 0.0251095 
repFactor 0.505305 
lambda 0.139627 
hseFactor 0.505055 
loglik -3.9331e+10 
